100
188.58 165.82 114.82
146.11 53.73 270.55
132.38 13.52 30.70
9.43 1.02 22.48
205.57 7.50 99.67
166.26 130.07 245.74
142.69 71.13 112.01
35.09 10.99 148.10
214.89 3.12 100.27
27.31 10.42 0.89
55.08 6.79 156.51
107.87 49.03 244.28
291.32 280.82 149.37
181.85 99.73 254.17
44.45 9.82 250.43
152.62 70.39 152.80
50.51 46.12 166.62
308.25 13.93 270.04
307.63 181.83 232.11
31.40 14.28 36.02
258.33 4.58 270.95
134.65 66.80 277.80
320.47 167.50 132.80
310.16 12.56 313.79
30.11 27.69 67.15
63.83 49.01 132.58
192.22 64.48 159.81
138.35 59.90 193.03
217.86 102.25 213.94
196.23 101.52 270.91
51.91 14.69 7.00
95.63 19.15 268.34
155.13 124.09 242.36
116.49 40.97 35.11
118.81 88.34 62.94
1.12 0.81 90.23
323.62 240.90 191.74
6.67 0.73 73.89
13.31 5.22 41.72
194.60 181.60 111.69
77.15 14.80 31.86
208.75 3.37 289.23
287.92 256.62 228.22
217.48 123.96 220.30
38.30 10.64 178.94
127.36 107.52 36.61
147.06 128.66 207.47
125.97 47.55 6.65
269.04 40.98 23.12
148.74 102.70 240.85
233.73 34.73 269.94
2.80 0.82 185.43
226.41 5.71 68.71
257.99 27.19 44.34
191.91 16.69 34.64
278.41 200.70 161.80
124.21 46.22 17.56
13.76 4.86 101.80
210.29 87.06 137.30
66.29 19.82 6.71
208.98 160.99 35.06
115.87 84.47 223.03
188.56 63.05 214.76
55.71 9.81 195.40
192.75 20.60 150.59
67.06 20.77 201.09
161.14 14.78 15.86
285.16 24.24 163.85
265.95 164.94 116.85
28.60 11.54 47.13
207.07 69.45 146.79
322.78 202.62 178.51
34.85 4.72 250.28
60.27 49.78 277.06
204.40 83.96 106.11
41.33 41.26 37.37
83.55 15.80 6.57
256.94 245.89 109.89
278.94 270.21 275.62
322.20 156.42 80.82
211.24 147.99 56.26
215.12 184.60 121.19
12.02 5.98 279.13
237.39 118.40 324.03
27.87 23.01 26.99
30.97 27.91 2.34
206.44 83.11 47.95
202.17 105.79 240.36
218.53 203.09 298.77
280.12 83.75 262.93
32.12 19.51 264.77
110.68 73.62 250.20
1.86 0.19 18.85
231.69 83.36 165.45
232.04 42.24 5.10
308.71 263.03 235.86
233.83 89.07 50.31
266.52 162.73 74.01
294.80 64.64 44.59
314.28 219.20 69.18
